45709045
85592171
15069639
153929651
70665466
186548947
56389843
194316550
53225953
180298857
156087062
160167512
123876507
166545821
80576523
23941435
122840092
119449181
160195235
108747946
135911169
93903105
58770574
43243420
43070443
86671473
121131159
51656490
22379550
165044578
56297912
45709045
85592171
15069639
153929651
70665466
186548947
56389843
194316550
53225953
180298857
156087062
160167512
123876507
166545821
80576523
23941435
122840092
119449181
160195235
108747946
135911169
93903105
58770574
43243420
43070443
86671473
121131159
51656490
22379550
165044578
56297912
45709045
85592171
15069639
153929651
70665466
186548947
56389843
194316550
53225953
180298857
156087062
160167512
123876507
166545821
80576523
23941435
122840092
119449181
160195235
108747946
135911169
93903105
58770574
43243420
43070443
86671473
121131159
51656490
22379550
165044578
56297912
45709045
85592171
15069639
153929651
70665466
186548947
56389843
194316550
53225953
180298857
156087062
160167512
123876507
166545821
80576523
23941435
122840092
119449181
160195235
108747946
135911169
93903105
58770574
43243420
43070443
86671473
121131159
51656490
22379550
165044578
56297912
45709045
85592171
15069639
153929651
70665466
186548947
56389843
194316550
53225953
180298857
156087062
160167512
123876507
166545821
80576523
23941435
122840092
119449181
160195235
108747946
135911169
93903105
58770574
43243420
43070443
86671473
121131159
51656490
22379550
165044578
56297912
45709045
85592171
15069639
153929651
70665466
186548947
56389843
194316550
53225953
180298857
156087062
160167512
123876507
166545821
80576523
23941435
122840092
119449181
160195235
108747946
135911169
93903105
58770574
43243420
43070443
86671473
121131159
51656490
22379550
165044578
56297912
45709045
85592171
15069639
153929651
70665466
186548947
56389843
194316550
53225953
180298857
156087062
160167512
123876507
166545821
80576523
23941435
122840092
119449181
160195235
108747946
135911169
93903105
58770574
43243420
43070443
86671473
121131159
51656490
22379550
165044578
56297912
